-25.18142
-25.18142
-25.18142
-25.18142
-25.18142
-25.18142
-25.18142
-25.18142
-25.18142
-25.18142
-25.18142
-25.18142
-25.18142
-25.18142
-25.18142
-25.18142
-25.18142
-25.18142
-25.18142
-25.18142
-25.18142
-25.18142
-25.18142
-25.18142
-25.18142
-25.18142
-25.18142
-25.18142
-25.18142
-25.18142
-25.18142
-25.18142
-25.18142
-25.18142
-25.18142
-25.18142
-25.18142
-25.18142
-25.18142
-25.18142
-25.18142
-25.18142
-25.18142
-25.18142
-25.18142
-25.18142
-25.18142
-25.18142
-25.18142
-25.18142
-25.18142
