-146.3225
-146.3225
-146.3225
-146.3225
-146.3225
-146.3225
-146.3225
-146.3225
-146.3225
-146.3225
-146.3225
-146.3225
-146.3225
-146.3225
-146.3225
-146.3225
-146.3225
-146.3225
-146.3225
-146.3225
-146.3225
-146.3225
-146.3225
-146.3225
-146.3225
-146.3225
-146.3225
-146.3225
-146.3225
-146.3225
-146.3225
-146.3225
-146.3225
-146.3225
-146.3225
-146.3225
-146.3225
-146.3225
-146.3225
-146.3225
-146.3225
-146.3225
-146.3225
-146.3225
-146.3225
-146.3225
-146.3225
-146.3225
-146.3225
-146.3225
-146.3225
