65.77976 -25.18142 -146.3225 -4.7 -6.2 -6.0 
65.77976 -25.18142 -146.3225 -4.7 -6.2 -6.0 
65.77976 -25.18142 -146.3225 -4.7 -6.2 -6.0 
65.77976 -25.18142 -146.3225 -4.7 -6.2 -6.0 
65.77976 -25.18142 -146.3225 -4.7 -6.2 -6.0 
65.77976 -25.18142 -146.3225 -4.7 -6.2 -6.0 
65.77976 -25.18142 -146.3225 -4.7 -6.2 -6.0 
65.77976 -25.18142 -146.3225 -4.7 -6.2 -6.0 
65.77976 -25.18142 -146.3225 -4.7 -6.2 -6.0 
65.77976 -25.18142 -146.3225 -4.7 -6.2 -6.0 
65.77976 -25.18142 -146.3225 -4.7 -6.2 -6.0 
65.77976 -25.18142 -146.3225 -4.7 -6.2 -6.0 
65.77976 -25.18142 -146.3225 -4.7 -6.2 -6.0 
65.77976 -25.18142 -146.3225 -4.7 -6.2 -6.0 
65.77976 -25.18142 -146.3225 -4.7 -6.2 -6.0 
65.77976 -25.18142 -146.3225 -4.7 -6.2 -6.0 
65.77976 -25.18142 -146.3225 -4.7 -6.2 -6.0 
65.77976 -25.18142 -146.3225 -4.7 -6.2 -6.0 
65.77976 -25.18142 -146.3225 -4.7 -6.2 -6.0 
65.77976 -25.18142 -146.3225 -4.7 -6.2 -6.0 
65.77976 -25.18142 -146.3225 -4.7 -6.2 -6.0 
65.77976 -25.18142 -146.3225 -4.7 -6.2 -6.0 
65.77976 -25.18142 -146.3225 -4.7 -6.2 -6.0 
65.77976 -25.18142 -146.3225 -4.7 -6.2 -5.9 
65.77976 -25.18142 -146.3225 -4.7 -6.2 -6.0 
65.77976 -25.18142 -146.3225 -4.7 -6.2 -6.0 
65.77976 -25.18142 -146.3225 -4.8 -6.2 -6.0 
65.77976 -25.18142 -146.3225 -4.7 -6.2 -6.0 
65.77976 -25.18142 -146.3225 -4.7 -6.2 -6.0 
65.77976 -25.18142 -146.3225 -4.7 -6.2 -6.0 
65.77976 -25.18142 -146.3225 -4.7 -6.2 -6.0 
65.77976 -25.18142 -146.3225 -4.7 -6.2 -6.0 
65.77976 -25.18142 -146.3225 -4.7 -6.2 -6.0 
65.77976 -25.18142 -146.3225 -4.7 -6.2 -6.0 
65.77976 -25.18142 -146.3225 -4.7 -6.2 -6.0 
65.77976 -25.18142 -146.3225 -4.7 -6.2 -6.0 
65.77976 -25.18142 -146.3225 -4.7 -6.2 -6.0 
65.77976 -25.18142 -146.3225 -4.7 -6.2 -6.0 
65.77976 -25.18142 -146.3225 -4.7 -6.2 -6.0 
65.77976 -25.18142 -146.3225 -4.7 -6.2 -6.0 
65.77976 -25.18142 -146.3225 -4.7 -6.2 -6.0 
65.77976 -25.18142 -146.3225 -4.7 -6.2 -6.0 
65.77976 -25.18142 -146.3225 -4.8 -6.2 -6.0 
65.77976 -25.18142 -146.3225 -4.8 -6.3 -6.0 
65.77976 -25.18142 -146.3225 -4.7 -6.2 -6.0 
65.77976 -25.18142 -146.3225 -4.7 -6.2 -6.0 
65.77976 -25.18142 -146.3225 -4.7 -6.2 -6.0 
65.77976 -25.18142 -146.3225 -4.7 -6.2 -6.0 
65.77976 -25.18142 -146.3225 -4.7 -6.2 -6.0 
65.77976 -25.18142 -146.3225 -4.8 -6.2 -6.0 
65.77976 -25.18142 -146.3225 -4.8 -6.2 -6.0 
